a{1} = [2 3 4;5 3 2; 23 4 5];

a{2,2} = [];

a{1,2} = "sdgrehnr"

a
a{1,2}
